1776207245.5508316 555 8 03 F2 00 33 2C 00 00 AE
1776207245.6009355 555 8 04 08 00 36 2A 01 00 C7
1776207245.6515918 555 8 04 1C 00 38 4B 02 00 FF
1776207245.7021766 555 8 04 25 00 3B E9 03 00 AA
1776207245.7524009 555 8 04 34 00 3E 9F 04 00 73
1776207245.8030324 555 8 04 47 00 3F F3 05 00 DC
1776207245.853435 555 8 04 4C 00 41 A9 06 00 9A
1776207245.9039428 555 8 04 6A 00 42 AE 07 00 BF
1776207245.9544194 555 8 04 79 00 43 48 08 00 6A
1776207246.0050085 555 8 04 8D 00 46 DC 09 00 16
1776207246.055523 555 8 04 A3 00 47 34 0A 00 86
1776207246.1056836 555 8 04 B7 00 4A 50 0B 00 BA
1776207246.1562757 555 8 04 CA 00 4B 82 0C 00 01
1776207246.2064667 555 8 04 D2 00 4E 3B 0D 00 C6
1776207246.256782 555 8 04 EF 00 50 8F 0E 00 3A
1776207246.3075478 555 8 05 04 00 52 6D 0F 00 31
1776207246.3580508 555 8 05 15 00 54 3D 10 00 15
1776207246.408218 555 8 05 29 00 55 1D 11 00 0B
1776207246.45841 555 8 05 42 00 56 A5 12 00 AE
1776207246.5089197 555 8 05 50 00 59 54 13 00 6F
1776207246.5591846 555 8 05 5B 00 5C 23 14 00 4D
1776207246.6093156 555 8 05 73 00 5D 31 15 00 75
1776207246.6597512 555 8 05 7D 00 60 CE 16 00 20
1776207246.710441 555 8 05 8C 00 61 9D 17 00 00
1776207246.7610402 555 8 05 99 00 63 A8 18 00 1B
1776207246.8113282 555 8 05 A9 00 66 0A 19 00 91
1776207246.8616507 555 8 05 BA 00 68 80 1A 00 1B
1776207246.911974 555 8 05 D6 00 6B 09 1B 00 C4
1776207246.9626014 555 8 05 EE 00 6C 68 1C 00 3D
1776207247.0130768 555 8 06 04 00 6F 3E 1D 00 2E
1776207247.0638156 555 8 06 09 00 70 8F 1E 00 86
1776207247.1140795 555 8 06 1A 00 72 1A 1F 00 25
1776207247.1645963 555 8 06 2F 00 75 29 20 00 4D
1776207247.215101 555 8 06 4B 00 76 36 21 00 78
1776207247.2656217 555 8 06 59 00 78 22 22 00 75
1776207247.3158321 555 8 06 77 00 7B 12 23 00 87
1776207247.3663268 555 8 06 8B 00 7E 0B 24 00 98
1776207247.4168177 555 8 06 A5 00 80 B4 25 00 5E
1776207247.4673588 555 8 06 AC 00 81 97 26 00 4A
1776207247.5178514 555 8 06 C7 00 82 74 27 00 44
1776207247.568359 555 8 06 D5 00 85 10 28 00 F2
1776207247.6189842 555 8 06 E9 00 87 3C 29 00 35
1776207247.669624 555 8 07 03 00 88 5A 2A 00 70
1776207247.7201355 555 8 07 1A 00 8B 50 2B 00 81
1776207247.7707095 555 8 07 32 00 8C B0 2C 00 FB
1776207247.8209126 555 8 07 4B 00 8F 8D 2D 00 F5
1776207247.8712277 555 8 07 66 00 91 6E 2E 00 F4
1776207247.9218893 555 8 07 7C 00 93 1E 2F 00 BD
1776207247.9723766 555 8 07 8C 00 94 06 30 00 B7
1776207248.0225227 555 8 07 9A 00 96 89 31 00 4B
1776207248.0731566 555 8 07 B0 00 99 80 32 00 5C
1776207248.1239748 555 8 07 B6 00 9A 78 33 00 5C
1776207248.174422 555 8 07 D0 00 9B F1 34 00 F1
1776207248.2250628 555 8 07 E2 00 9D DF 35 00 F4
1776207248.275784 555 8 07 FD 00 9E CD 36 00 FF
1776207248.3260453 555 8 08 14 00 A1 67 37 00 B5
1776207248.3765807 555 8 08 1B 00 A3 2E 38 00 86
1776207248.4267735 555 8 08 2E 00 A5 B2 39 00 20
1776207248.4769924 555 8 08 4A 00 A6 A0 3A 00 2C
1776207248.527645 555 8 08 52 00 A7 5A 3B 00 F0
1776207248.578181 555 8 08 5C 00 A8 F6 3C 00 98
1776207248.6287353 555 8 08 61 00 A9 8B 3D 00 34
1776207248.6793103 555 8 08 73 00 AA 08 3E 00 C5
1776207248.7297719 555 8 08 85 00 AD 81 3F 00 54
1776207248.780198 555 8 08 A3 00 AF 98 40 00 8C
1776207248.8307793 555 8 08 AA 00 B0 8F 41 00 8C
1776207248.8811526 555 8 08 B2 00 B1 F6 42 00 FD
1776207248.931361 555 8 08 BA 00 B3 9C 43 00 AE
1776207248.9819663 555 8 08 CB 00 B6 8B 44 00 B2
1776207249.032288 555 8 08 D8 00 B9 F5 45 00 2D
1776207249.082813 555 8 08 E5 00 BB 63 46 00 AB
1776207249.1330137 555 8 09 01 00 BC 6D 47 00 D4
1776207249.1835108 555 8 09 0C 00 BE AA 48 00 1F
1776207249.233966 555 8 09 18 00 C1 F7 49 00 7C
1776207249.2845416 555 8 09 35 00 C3 22 4A 00 C7
1776207249.335076 555 8 09 45 00 C4 52 4B 00 09
1776207249.3855603 555 8 09 56 00 C7 64 4C 00 30
1776207249.4361613 555 8 09 67 00 C8 06 4D 00 E5
1776207249.4866834 555 8 09 7C 00 CB C1 4E 00 B9
1776207249.5370426 555 8 09 9A 00 CC FC 4F 00 14
1776207249.5872326 555 8 09 B6 00 CD B4 50 00 EA
1776207249.6380236 555 8 09 C0 00 D0 32 51 00 76
1776207249.6883547 555 8 09 C9 00 D2 AB 52 00 FB
1776207249.738991 555 8 09 DB 00 D4 3F 53 00 A4
1776207249.789298 555 8 09 EE 00 D7 99 54 00 15
1776207249.8394625 555 8 0A 02 00 D9 1D 55 00 B1
1776207249.8899264 555 8 0A 10 00 DB 2E 56 00 D3
1776207249.9404757 555 8 0A 2D 00 DD 01 57 00 C6
1776207249.9906824 555 8 0A 33 00 E0 3A 58 00 09
1776207250.0412338 555 8 0A 3B 00 E1 7D 59 00 56
1776207250.0914347 555 8 0A 41 00 E3 8D 5A 00 6F
1776207250.1420608 555 8 0A 5D 00 E6 F0 5B 00 F2
1776207250.1926687 555 8 0A 75 00 E8 11 5C 00 2E
1776207250.2431386 555 8 0A 8F 00 EB 04 5D 00 3F
1776207250.2937355 555 8 0A AB 00 EE 9D 5E 00 F8
1776207250.3439488 555 8 0A BF 00 F0 1D 5F 00 8F
1776207250.3944464 555 8 0A CA 00 F1 62 60 00 E1
1776207250.4451663 555 8 0A E7 00 F3 45 61 00 E4
1776207250.4957542 555 8 0A FF 00 F4 04 62 00 BD
1776207250.5462775 555 8 0B 18 00 F6 17 63 00 ED
1776207250.596788 555 8 0B 34 00 F8 D7 64 00 CC
1776207250.6472254 555 8 0B 3B 00 FB 22 65 00 22
1776207250.6974504 555 8 0B 4E 00 FC 84 66 00 99
1776207250.7476468 555 8 0B 6C 00 FD 5E 67 00 93
1776207250.798287 555 8 0B 75 00 FF 9E 68 00 DF
1776207250.8485146 555 8 0B 7D 01 00 B3 69 00 FF
1776207250.8990297 555 8 0B 84 01 03 67 6A 00 BE
1776207250.9494054 555 8 0B 98 01 04 B6 6B 00 23
1776207251.0000768 555 8 0B 9F 01 06 BA 6C 00 31
1776207251.0507517 555 8 0B BC 01 08 0A 6D 00 A1
1776207251.1013713 555 8 0B D0 01 0B 3D 6E 00 EC
1776207251.1518915 555 8 0B E5 01 0D 60 6F 00 27
1776207251.2020624 555 8 0B FC 01 10 D2 70 00 B4
1776207251.2525723 555 8 0C 19 01 12 90 71 00 93
1776207251.303012 555 8 0C 26 01 13 C8 72 00 DA
1776207251.3536205 555 8 0C 34 01 16 7F 73 00 A3
1776207251.4040875 555 8 0C 43 01 19 A7 74 00 DE
1776207251.4543738 555 8 0C 5B 01 1B 79 75 00 CB
1776207251.5048373 555 8 0C 60 01 1C 9A 76 00 F3
1776207251.5551646 555 8 0C 7A 01 1E 5A 77 00 D0
